    unsorted:	 1.701681087e-07 4.984734099e-06 5.064094213e-06 2.164285927e-06 3.816220858e-05 0.1560120663 7.605722834 7.592363758 4.296525485 4.175680024 4.509324675 3.845637365 6.526166398 8.475518668 1.513573469 5.986891056 10.61278312 11.56558745 12.25433417 0.5002732170 0.6282560159 14.23809904 15.55563236 16.15025963 16.75161169 17.51536478 18.20683241 20.02707724 22.88328442 25.67629163 26.44941699 27.53219827 31.04398946 33.94831162 34.87104881 37.72383449 41.52327794 44.00107622 50.86873436 48.98688757 53.79538833 54.64061171 57.60315816 59.49361068 61.04690101 68.08073115 128.3268228 128.0773415 129.5228417 129.4226735 130.1424766 126.9360904 131.0925692 131.7044465 124.1103474 123.0975483 121.8421282 134.6040802 136.4008347 138.2228194 117.4739803 140.1225822 140.8720206 110.2365148 144.2028777 146.0424076 147.4704834 85.62477795 83.32887082 149.9259422 151.7518131 157.8981581 159.8449735 161.6108760 165.0534152 185.3329545 199.2442620 205.2049488 222.9952007 225.3160664 266.6141503 281.4371495 292.9717007 296.4861301 307.7560726 362.4438055 422.2568322 428.4556310 483.9167880 515.7529959 576.5480603 583.9509199 592.1695329 676.7179862 793.6725307 798.7133511 829.0797229 936.4162074 1039.968537 1052.704215 1075.949461 1101.669290 1220.782168 1302.436335 1362.152355 1483.664032 1696.684512 1802.547079 1820.990112 1931.294909 1959.137476 2039.743460 2157.515656 2237.721559 2225.382609 2352.156253 2390.751018 2421.060150 2672.692166 2813.921335 2981.449623 3039.457983 3280.613077 3398.518315 3421.037301 3752.515141 3806.343373 4034.970042 4138.052010 4238.090399 4492.706014 5537.298956 5968.174576 6138.656651 6420.990025 7216.132731 8081.617513 8493.176808 9067.373865 9337.346808 10307.17939 11153.30504 12357.87121 13071.94629 14392.28363 16560.39846 19084.87395 19661.79613 23046.24735 22728.24684 23386.19169 26635.34794 32145.49359 38939.01303 42613.42188 50008.15959 70428.28910 82892.62162 232749.4444 4.985157003e-06
      sorted:	 1.701681087e-07 2.164285927e-06 4.984734099e-06 4.985157003e-06 5.064094213e-06 3.816220858e-05 0.1560120663 0.5002732170 0.6282560159 1.513573469 3.845637365 4.175680024 4.296525485 4.509324675 5.986891056 6.526166398 7.592363758 7.605722834 8.475518668 10.61278312 11.56558745 12.25433417 14.23809904 15.55563236 16.15025963 16.75161169 17.51536478 18.20683241 20.02707724 22.88328442 25.67629163 26.44941699 27.53219827 31.04398946 33.94831162 34.87104881 37.72383449 41.52327794 44.00107622 48.98688757 50.86873436 53.79538833 54.64061171 57.60315816 59.49361068 61.04690101 68.08073115 83.32887082 85.62477795 110.2365148 117.4739803 121.8421282 123.0975483 124.1103474 126.9360904 128.0773415 128.3268228 129.4226735 129.5228417 130.1424766 131.0925692 131.7044465 134.6040802 136.4008347 138.2228194 140.1225822 140.8720206 144.2028777 146.0424076 147.4704834 149.9259422 151.7518131 157.8981581 159.8449735 161.6108760 165.0534152 185.3329545 199.2442620 205.2049488 222.9952007 225.3160664 266.6141503 281.4371495 292.9717007 296.4861301 307.7560726 362.4438055 422.2568322 428.4556310 483.9167880 515.7529959 576.5480603 583.9509199 592.1695329 676.7179862 793.6725307 798.7133511 829.0797229 936.4162074 1039.968537 1052.704215 1075.949461 1101.669290 1220.782168 1302.436335 1362.152355 1483.664032 1696.684512 1802.547079 1820.990112 1931.294909 1959.137476 2039.743460 2157.515656 2225.382609 2237.721559 2352.156253 2390.751018 2421.060150 2672.692166 2813.921335 2981.449623 3039.457983 3280.613077 3398.518315 3421.037301 3752.515141 3806.343373 4034.970042 4138.052010 4238.090399 4492.706014 5537.298956 5968.174576 6138.656651 6420.990025 7216.132731 8081.617513 8493.176808 9067.373865 9337.346808 10307.17939 11153.30504 12357.87121 13071.94629 14392.28363 16560.39846 19084.87395 19661.79613 22728.24684 23046.24735 23386.19169 26635.34794 32145.49359 38939.01303 42613.42188 50008.15959 70428.28910 82892.62162 232749.4444
