    unsorted:	 1.701662669e-07 5.197884718e-06 5.128936559e-06 7.773023490e-07 -3.451763392e-05 0.4419144113 5.255000327 5.660268396 5.836256259 4.858600981 8.328976749 9.219532397 10.05179673 10.56906809 7.497587558 12.07061320 1.913700180 0.3857698713 0.6904578920 15.14843996 15.35917983 16.33197276 18.27512581 20.38203348 20.61959574 22.01839728 28.20930334 31.66305697 33.73316928 35.27014424 38.76414005 47.02599759 45.15696323 52.09267706 61.72032793 486.4526907 487.7019248 489.0635914 496.8957196 499.1091145 502.2321971 507.9259407 509.7585093 517.4662854 520.7837586 478.5555566 475.6845306 471.3619890 524.0678729 527.2241095 528.8830533 469.0970644 535.9886215 540.0327716 543.0551402 547.4810850 450.5053471 452.9121758 557.5551408 560.8133342 563.8535370 564.5321586 443.8342285 577.5652927 586.7539727 427.0791641 597.6547155 394.7631029 608.0153671 616.9555671 395.8705809 625.8347244 636.5923890 366.8096488 651.6684502 349.4167163 352.5543346 659.7067606 665.0258126 685.2815625 689.7112912 98.09234101 703.7931291 719.3338009 254.4442321 227.5289732 726.5543669 764.4820852 786.1549346 802.6526094 806.0990484 841.3682155 863.0205970 871.6762477 895.7869476 971.9601377 1036.838680 1075.883490 1082.719967 1198.149551 1253.979533 1357.034042 1370.638918 1395.041595 1460.328549 1573.754664 1733.399272 1893.570455 2111.224022 2336.973710 2408.694760 2451.025168 2475.560016 2534.143810 2569.201347 2702.717478 2792.981247 2972.444820 3345.050849 3506.406110 3469.304499 4020.727793 4118.452071 4260.987519 4295.388059 4593.926275 4632.257181 4787.908276 4998.996599 5162.152178 5329.465454 6191.540781 6664.689324 7126.178415 7591.096862 8360.286704 9012.084615 9911.612158 10079.65871 11743.29366 12481.75555 13028.83604 14079.63830 15055.46531 17169.52675 17743.40128 21160.14839 22746.73885 23761.26427 23859.35693 25869.10223 27481.97531 32693.68987 40742.12111 44084.98067 52811.76413 74564.69334 86261.47189 223729.3873 4.985157080e-06
      sorted:	 -3.451763392e-05 1.701662669e-07 7.773023490e-07 4.985157080e-06 5.128936559e-06 5.197884718e-06 0.3857698713 0.4419144113 0.6904578920 1.913700180 4.858600981 5.255000327 5.660268396 5.836256259 7.497587558 8.328976749 9.219532397 10.05179673 10.56906809 12.07061320 15.14843996 15.35917983 16.33197276 18.27512581 20.38203348 20.61959574 22.01839728 28.20930334 31.66305697 33.73316928 35.27014424 38.76414005 45.15696323 47.02599759 52.09267706 61.72032793 98.09234101 227.5289732 254.4442321 349.4167163 352.5543346 366.8096488 394.7631029 395.8705809 427.0791641 443.8342285 450.5053471 452.9121758 469.0970644 471.3619890 475.6845306 478.5555566 486.4526907 487.7019248 489.0635914 496.8957196 499.1091145 502.2321971 507.9259407 509.7585093 517.4662854 520.7837586 524.0678729 527.2241095 528.8830533 535.9886215 540.0327716 543.0551402 547.4810850 557.5551408 560.8133342 563.8535370 564.5321586 577.5652927 586.7539727 597.6547155 608.0153671 616.9555671 625.8347244 636.5923890 651.6684502 659.7067606 665.0258126 685.2815625 689.7112912 703.7931291 719.3338009 726.5543669 764.4820852 786.1549346 802.6526094 806.0990484 841.3682155 863.0205970 871.6762477 895.7869476 971.9601377 1036.838680 1075.883490 1082.719967 1198.149551 1253.979533 1357.034042 1370.638918 1395.041595 1460.328549 1573.754664 1733.399272 1893.570455 2111.224022 2336.973710 2408.694760 2451.025168 2475.560016 2534.143810 2569.201347 2702.717478 2792.981247 2972.444820 3345.050849 3469.304499 3506.406110 4020.727793 4118.452071 4260.987519 4295.388059 4593.926275 4632.257181 4787.908276 4998.996599 5162.152178 5329.465454 6191.540781 6664.689324 7126.178415 7591.096862 8360.286704 9012.084615 9911.612158 10079.65871 11743.29366 12481.75555 13028.83604 14079.63830 15055.46531 17169.52675 17743.40128 21160.14839 22746.73885 23761.26427 23859.35693 25869.10223 27481.97531 32693.68987 40742.12111 44084.98067 52811.76413 74564.69334 86261.47189 223729.3873
