    unsorted:	 1.701676667e-07 4.973982717e-06 4.307044370e-06 1.135388942e-05 1.620905794e-05 0.8908867279 11.19022254 10.91131793 11.57192804 9.446019191 14.21712959 14.69865745 17.10176836 20.63530059 20.90389066 21.02132637 3.901170711 25.43774711 3.111806283 1.331728425 28.86944437 29.67721761 32.91001596 39.89514562 40.34224303 42.71817428 57.05659412 56.56650033 66.14395729 75.51210452 74.95947203 93.13910245 92.84851851 106.4279174 111.3912702 150.0978787 713.5507867 736.3288423 1038.200737 1268.488808 1540.000186 1648.342134 1736.726435 2655.527488 2730.616822 2932.188095 4670.304799 4799.540729 4896.369937 4525.761666 4119.919000 5205.382688 5399.521315 5700.496488 5927.095379 6493.039643 6768.345467 6833.375247 7476.118210 7743.030099 7903.456139 8242.021414 8707.580690 8739.590898 9025.572997 9695.749323 10325.26891 10525.41557 10968.18414 12120.77273 14310.99723 14430.43462 16395.99565 17020.25651 17367.58346 19711.15755 21502.64645 22523.78173 24428.17679 25449.30962 26832.51827 29371.24258 33361.96707 34626.55978 38966.86786 40614.84093 43055.82827 50439.42737 54526.54600 63650.46907 70331.29273 89238.79437 196285.4573 4.985157227e-06
      sorted:	 1.701676667e-07 4.307044370e-06 4.973982717e-06 4.985157227e-06 1.135388942e-05 1.620905794e-05 0.8908867279 1.331728425 3.111806283 3.901170711 9.446019191 10.91131793 11.19022254 11.57192804 14.21712959 14.69865745 17.10176836 20.63530059 20.90389066 21.02132637 25.43774711 28.86944437 29.67721761 32.91001596 39.89514562 40.34224303 42.71817428 56.56650033 57.05659412 66.14395729 74.95947203 75.51210452 92.84851851 93.13910245 106.4279174 111.3912702 150.0978787 713.5507867 736.3288423 1038.200737 1268.488808 1540.000186 1648.342134 1736.726435 2655.527488 2730.616822 2932.188095 4119.919000 4525.761666 4670.304799 4799.540729 4896.369937 5205.382688 5399.521315 5700.496488 5927.095379 6493.039643 6768.345467 6833.375247 7476.118210 7743.030099 7903.456139 8242.021414 8707.580690 8739.590898 9025.572997 9695.749323 10325.26891 10525.41557 10968.18414 12120.77273 14310.99723 14430.43462 16395.99565 17020.25651 17367.58346 19711.15755 21502.64645 22523.78173 24428.17679 25449.30962 26832.51827 29371.24258 33361.96707 34626.55978 38966.86786 40614.84093 43055.82827 50439.42737 54526.54600 63650.46907 70331.29273 89238.79437 196285.4573
