    unsorted:	 5.001517365e-06 5.140218039e-06 5.198223010e-06 1.701646882e-07 1.467210646e-05 4.933300611e-05 0.02567169132 0.02561531051 0.1238491116 0.1021864581 0.2318626764 0.2728424476 0.1974787348 0.5677677374 1.620514011 1.604381872 1.553772690 1.704489257 1.053824863 0.8214968036 2.077144426 2.236826495 2.483512309 2.865944285 2.827893188 3.764630888 3.926326784 4.612389469 4.748011479 5.288492603 5.479216403 6.161619074 7.623297438 7.729703686 7.945918440 6.879065652 8.354702245 8.670985514 8.962412419 9.523649651 9.479933046 9.749952886 9.889444561 10.43674934 10.73286001 11.19190132 11.24594508 12.26529969 13.80945445 13.88545007 13.97432490 13.63899680 12.80576809 14.61264726 15.60327539 15.25748151 16.05266392 16.19637242 16.63356092 17.71224177 17.67959803 19.04640675 20.22760657 19.79307143 21.05750213 21.34257380 22.56007305 23.35957443 23.68843211 23.90474841 24.55925481 25.01301966 25.86217625 25.33249029 26.27796120 27.72715951 28.55739062 29.12641936 29.90705445 30.14858043 31.84991203 32.89178958 32.76379908 33.60584716 37.31392315 36.91467668 38.07357326 39.40364914 40.40506519 42.55344866 43.31164572 45.18903635 46.05967891 46.31975954 48.25084188 48.44576225 51.52371644 56.62013832 64.91219352 65.20394441 69.11347760 70.51908397 88.75870803 99.40370250 185.4914781 292.7369795 415.9450660 453.9011084 553.3786317 577.6446220 665.9205552 714.0999931 1060.170283 1089.436020 1289.019721 1359.423059 1665.584485 1906.784394 1885.756031 1987.761718 2082.257501 2132.974047 2269.055023 2373.114386 2530.204513 2585.016811 2683.959680 2934.829804 3145.360046 3209.442235 3382.110796 3641.854297 3891.532666 3872.391965 3997.113299 4092.840837 4904.510016 5393.527126 5637.887090 5823.475012 5877.326873 6328.858317 7211.808462 7508.349339 8366.748495 9176.873323 9900.912626 11067.98417 12846.53459 15027.06280 16090.42658 19579.30830 19759.97808 24975.08824 27389.60745 28756.68836 39980.31088 40679.37692 48557.98632 54311.98715 74368.77827 212688.8400
      sorted:	 1.701646882e-07 5.001517365e-06 5.140218039e-06 5.198223010e-06 1.467210646e-05 4.933300611e-05 0.02561531051 0.02567169132 0.1021864581 0.1238491116 0.1974787348 0.2318626764 0.2728424476 0.5677677374 0.8214968036 1.053824863 1.553772690 1.604381872 1.620514011 1.704489257 2.077144426 2.236826495 2.483512309 2.827893188 2.865944285 3.764630888 3.926326784 4.612389469 4.748011479 5.288492603 5.479216403 6.161619074 6.879065652 7.623297438 7.729703686 7.945918440 8.354702245 8.670985514 8.962412419 9.479933046 9.523649651 9.749952886 9.889444561 10.43674934 10.73286001 11.19190132 11.24594508 12.26529969 12.80576809 13.63899680 13.80945445 13.88545007 13.97432490 14.61264726 15.25748151 15.60327539 16.05266392 16.19637242 16.63356092 17.67959803 17.71224177 19.04640675 19.79307143 20.22760657 21.05750213 21.34257380 22.56007305 23.35957443 23.68843211 23.90474841 24.55925481 25.01301966 25.33249029 25.86217625 26.27796120 27.72715951 28.55739062 29.12641936 29.90705445 30.14858043 31.84991203 32.76379908 32.89178958 33.60584716 36.91467668 37.31392315 38.07357326 39.40364914 40.40506519 42.55344866 43.31164572 45.18903635 46.05967891 46.31975954 48.25084188 48.44576225 51.52371644 56.62013832 64.91219352 65.20394441 69.11347760 70.51908397 88.75870803 99.40370250 185.4914781 292.7369795 415.9450660 453.9011084 553.3786317 577.6446220 665.9205552 714.0999931 1060.170283 1089.436020 1289.019721 1359.423059 1665.584485 1885.756031 1906.784394 1987.761718 2082.257501 2132.974047 2269.055023 2373.114386 2530.204513 2585.016811 2683.959680 2934.829804 3145.360046 3209.442235 3382.110796 3641.854297 3872.391965 3891.532666 3997.113299 4092.840837 4904.510016 5393.527126 5637.887090 5823.475012 5877.326873 6328.858317 7211.808462 7508.349339 8366.748495 9176.873323 9900.912626 11067.98417 12846.53459 15027.06280 16090.42658 19579.30830 19759.97808 24975.08824 27389.60745 28756.68836 39980.31088 40679.37692 48557.98632 54311.98715 74368.77827 212688.8400
