    unsorted:	 1.701660711e-07 4.625367440e-06 4.575117448e-06 5.101408847e-06 7.548751863e-06 15.64518160 15.65133804 15.75699218 10.51248998 10.40675878 11.21613865 9.476088812 6.011190179 6.943525097 5.262035342 5.106469107 7.370254321 0.1582038177 1.957744920 13.16300972 0.6711243848 18.72840615 19.28044364 20.61785497 21.56643560 23.73021532 29.04219430 33.23213051 34.69664709 36.83465088 39.54932073 44.69403973 47.86875911 51.41623971 59.81986830 73.85510290 607.3120771 606.7106052 610.8531777 614.2903942 616.0115307 600.6195176 622.7922016 595.5609738 592.2645201 635.4706846 636.9064612 641.1440630 642.2288160 654.7994435 652.3290902 658.7245335 664.0950626 663.7993615 669.9963118 671.9578658 674.0934146 674.8901080 583.0161953 685.4138531 567.3341084 564.8215249 559.5993625 557.2530046 548.7511641 695.9705152 702.0931335 705.7853447 541.7323630 535.1071751 524.7287411 721.4151348 737.1541700 741.6023977 745.6069736 749.1272381 753.6436510 757.1499349 481.8179462 488.7204099 468.9183684 772.6321737 786.3678985 788.2596659 415.5452519 396.8485596 398.1952938 366.4870609 814.7876932 330.3384305 320.7213600 143.4862330 841.1571659 844.2574689 861.6143589 911.3275019 942.9482187 990.5869188 1097.170742 1105.783243 1236.023732 1305.644517 1348.159043 1365.885880 1591.757022 1636.668027 1800.074075 2097.995370 2292.412893 2327.594550 2410.101623 2446.784107 2557.764069 2589.418324 2705.654487 2821.348414 3007.175522 3408.470429 3528.175689 3791.094243 4232.368982 4245.837879 4336.957312 4496.524372 4732.422793 4895.908427 4955.489640 5076.871842 5308.859567 5491.118490 6398.048626 7159.640757 7360.487304 8460.880870 9277.280613 9673.471874 10036.48826 10193.84191 11775.13033 12381.93172 13076.15816 14228.83395 15065.95539 15785.10561 16967.99608 20262.13208 20911.81265 23726.17161 23825.06572 22964.42298 25251.62981 29541.61634 38793.19026 40027.91327 47466.89954 53999.64185 61910.08108 82638.35683 261886.2103 4.985157199e-06
      sorted:	 1.701660711e-07 4.575117448e-06 4.625367440e-06 4.985157199e-06 5.101408847e-06 7.548751863e-06 0.1582038177 0.6711243848 1.957744920 5.106469107 5.262035342 6.011190179 6.943525097 7.370254321 9.476088812 10.40675878 10.51248998 11.21613865 13.16300972 15.64518160 15.65133804 15.75699218 18.72840615 19.28044364 20.61785497 21.56643560 23.73021532 29.04219430 33.23213051 34.69664709 36.83465088 39.54932073 44.69403973 47.86875911 51.41623971 59.81986830 73.85510290 143.4862330 320.7213600 330.3384305 366.4870609 396.8485596 398.1952938 415.5452519 468.9183684 481.8179462 488.7204099 524.7287411 535.1071751 541.7323630 548.7511641 557.2530046 559.5993625 564.8215249 567.3341084 583.0161953 592.2645201 595.5609738 600.6195176 606.7106052 607.3120771 610.8531777 614.2903942 616.0115307 622.7922016 635.4706846 636.9064612 641.1440630 642.2288160 652.3290902 654.7994435 658.7245335 663.7993615 664.0950626 669.9963118 671.9578658 674.0934146 674.8901080 685.4138531 695.9705152 702.0931335 705.7853447 721.4151348 737.1541700 741.6023977 745.6069736 749.1272381 753.6436510 757.1499349 772.6321737 786.3678985 788.2596659 814.7876932 841.1571659 844.2574689 861.6143589 911.3275019 942.9482187 990.5869188 1097.170742 1105.783243 1236.023732 1305.644517 1348.159043 1365.885880 1591.757022 1636.668027 1800.074075 2097.995370 2292.412893 2327.594550 2410.101623 2446.784107 2557.764069 2589.418324 2705.654487 2821.348414 3007.175522 3408.470429 3528.175689 3791.094243 4232.368982 4245.837879 4336.957312 4496.524372 4732.422793 4895.908427 4955.489640 5076.871842 5308.859567 5491.118490 6398.048626 7159.640757 7360.487304 8460.880870 9277.280613 9673.471874 10036.48826 10193.84191 11775.13033 12381.93172 13076.15816 14228.83395 15065.95539 15785.10561 16967.99608 20262.13208 20911.81265 22964.42298 23726.17161 23825.06572 25251.62981 29541.61634 38793.19026 40027.91327 47466.89954 53999.64185 61910.08108 82638.35683 261886.2103
